400 410 420 430 440 450 460 470 480 490 500 510 520 530 540 550 560 570 580 590 600
0 0.0661 0.2017 0.5000 0.7860 1.1268 1.3216 1.2874 1.2039 1.0212 0.8813 0.8444 0.7773 0.6361 0.5539 0.4241 0.3110 0.2278 0.1283 0.0757 0.0367 0.0262
0.2 0.0924 0.1825 0.4382 0.7599 1.0307 1.2788 1.2326 1.1481 0.9752 0.8727 0.8250 0.7718 0.6674 0.6159 0.5206 0.4223 0.3604 0.2311 0.1636 0.0631 0.0435
0.4 0.1068 0.1984 0.4115 0.7044 0.9822 1.1893 1.2093 1.0624 0.9881 0.8396 0.8191 0.7747 0.7846 0.6690 0.5886 0.5462 0.3946 0.2835 0.2313 0.1517 0.0850
0.6 0.0439 0.2215 0.3719 0.7086 0.9656 1.1245 1.1348 1.0257 0.9310 0.8216 0.7857 0.7963 0.7733 0.7440 0.6943 0.6129 0.5015 0.3572 0.2828 0.1717 0.0861
0.8 0.0630 0.1768 0.3483 0.6850 0.9040 1.0860 1.0907 1.0055 0.8997 0.8271 0.7875 0.8062 0.8180 0.8179 0.7144 0.6680 0.5572 0.4128 0.3123 0.2205 0.1161
1 0.0665 0.1739 0.3186 0.6082 0.8747 1.0246 1.0225 0.9573 0.8413 0.8145 0.7986 0.8200 0.8627 0.8539 0.8204 0.7360 0.6729 0.4598 0.3496 0.2608 0.1275
1.2 0.0290 0.1439 0.3274 0.5440 0.8089 0.9932 0.9903 0.9519 0.8425 0.8302 0.7895 0.8364 0.8385 0.8946 0.8889 0.8411 0.7112 0.5528 0.3787 0.2414 0.1563
1.4 0.0778 0.1845 0.3015 0.5470 0.7613 0.9417 0.9598 0.9203 0.8209 0.7780 0.7592 0.8277 0.9025 0.9451 0.9158 0.9238 0.7582 0.6278 0.4421 0.3002 0.1909
1.6 0.0525 0.1500 0.3189 0.5150 0.7720 0.9057 0.9172 0.8552 0.7701 0.7612 0.7588 0.8339 0.9282 0.9825 0.9808 0.9337 0.8271 0.6509 0.4936 0.3128 0.1988
1.8 0.0924 0.1514 0.2889 0.4949 0.7493 0.8790 0.8804 0.8535 0.7659 0.7382 0.8027 0.8640 0.9430 0.9786 1.0342 0.9745 0.8670 0.6940 0.5037 0.3525 0.2198
2 0.0484 0.1190 0.3152 0.4682 0.7288 0.8623 0.8566 0.8368 0.7440 0.7344 0.7682 0.9000 0.9652 1.0419 1.0615 1.0065 0.9349 0.7204 0.5381 0.3773 0.1953
2.2 0.0609 0.1467 0.2997 0.4713 0.6448 0.8150 0.8174 0.7928 0.7436 0.7270 0.8178 0.8681 0.9722 1.0652 1.1134 1.0956 0.9561 0.8066 0.5818 0.3920 0.2272
2.4 0.0309 0.1334 0.2650 0.4906 0.6235 0.8078 0.8310 0.7936 0.6994 0.6866 0.7379 0.8626 1.0132 1.0654 1.1595 1.1260 0.9809 0.8093 0.6137 0.3809 0.2174
2.6 0.0385 0.1009 0.2474 0.4228 0.5976 0.7140 0.7625 0.7619 0.7222 0.7050 0.7846 0.8836 1.0017 1.1057 1.1710 1.1820 1.0449 0.8710 0.5980 0.4109 0.2528
2.8 0.0270 0.1183 0.2645 0.4152 0.6017 0.7172 0.7889 0.7264 0.7205 0.7150 0.7749 0.8856 1.0188 1.1500 1.2369 1.1821 1.1056 0.8858 0.6516 0.4344 0.2616
3 0.0537 0.1054 0.2143 0.4269 0.5707 0.7057 0.7260 0.7194 0.6691 0.6833 0.7596 0.8946 1.0615 1.1951 1.2734 1.2385 1.0902 0.9043 0.6743 0.5024 0.2886
3.2 0.0688 0.1118 0.2394 0.4140 0.5862 0.6637 0.6847 0.6891 0.6617 0.6953 0.7793 0.9149 1.0932 1.1989 1.2894 1.2557 1.1402 0.9568 0.6894 0.4819 0.2938
3.4 0.0330 0.1018 0.2075 0.3878 0.5176 0.6343 0.6792 0.6612 0.6590 0.6974 0.7562 0.9093 1.0691 1.2296 1.3121 1.3223 1.1936 0.9816 0.7287 0.5155 0.2940
3.6 0.0503 0.0995 0.2053 0.3853 0.4950 0.6486 0.6880 0.6592 0.6603 0.6924 0.7849 0.9060 1.0796 1.2290 1.3174 1.3191 1.1697 0.9868 0.7250 0.4939 0.2808
3.8 0.0320 0.0810 0.1937 0.3709 0.5139 0.6294 0.6718 0.6383 0.6372 0.6807 0.7693 0.9136 1.1083 1.2255 1.3729 1.3558 1.2435 1.0361 0.7347 0.5025 0.2888
4 0.0418 0.0909 0.2100 0.3371 0.5163 0.6055 0.6380 0.6166 0.6248 0.6197 0.7372 0.9023 1.1318 1.2848 1.3658 1.3778 1.2720 1.0674 0.7719 0.5215 0.2672
4.2 0.0606 0.1078 0.1794 0.3414 0.4653 0.5902 0.6238 0.6418 0.5991 0.6449 0.7218 0.9151 1.1407 1.2833 1.4396 1.4276 1.2870 1.0553 0.7916 0.5118 0.3030
4.4 0.0400 0.1229 0.1684 0.3182 0.4428 0.5509 0.6143 0.6008 0.5945 0.6662 0.7597 0.9092 1.1383 1.3384 1.4419 1.4416 1.2927 1.0721 0.7948 0.5545 0.2893
4.6 0.0180 0.0675 0.1923 0.2979 0.4497 0.5422 0.5614 0.6340 0.6011 0.6520 0.7846 0.9294 1.1317 1.3644 1.4578 1.4385 1.3290 1.1034 0.8279 0.5391 0.3404
4.8 0.0203 0.1293 0.1694 0.3167 0.4100 0.5345 0.5630 0.5674 0.6122 0.6401 0.7662 0.9228 1.1640 1.3412 1.4654 1.4672 1.3522 1.1209 0.7999 0.5265 0.3457
5 0.0318 0.1115 0.1787 0.2979 0.4279 0.5099 0.5268 0.5718 0.5840 0.6434 0.7630 0.9333 1.1600 1.3839 1.4517 1.4805 1.3879 1.1467 0.8214 0.5763 0.3373
5.2 0.0305 0.0846 0.1610 0.2851 0.4311 0.5150 0.5389 0.5797 0.5442 0.6516 0.7736 0.9441 1.1949 1.3932 1.4873 1.5286 1.4023 1.1441 0.7979 0.5407 0.3331
5.4 0.0175 0.0740 0.1678 0.2859 0.4089 0.5391 0.5519 0.5903 0.5668 0.6297 0.7350 0.9310 1.1524 1.3633 1.5327 1.5445 1.4025 1.1777 0.8753 0.5439 0.3476
5.6 0.0357 0.0647 0.1120 0.2911 0.3598 0.4752 0.5359 0.5366 0.5503 0.6092 0.7854 0.9556 1.1883 1.4008 1.5861 1.5269 1.4560 1.1990 0.8595 0.5906 0.3789
5.8 0.0546 0.0906 0.1629 0.2732 0.3746 0.4840 0.5531 0.5074 0.5410 0.6159 0.7426 0.9651 1.2166 1.4181 1.5713 1.5393 1.4426 1.1977 0.8840 0.5756 0.3788
6 0.0263 0.0610 0.1842 0.2628 0.3692 0.4422 0.5038 0.5275 0.5351 0.6117 0.7588 0.9443 1.1912 1.4342 1.5784 1.5898 1.4450 1.2113 0.9176 0.5836 0.3505
6.2 0.0265 0.0634 0.1656 0.2578 0.3984 0.4746 0.4512 0.4804 0.5170 0.6283 0.7508 0.9847 1.1957 1.4480 1.5772 1.6191 1.4673 1.1991 0.9104 0.6041 0.3659
6.4 -0.0105 0.0861 0.1597 0.2473 0.3732 0.4224 0.5111 0.4913 0.5214 0.6161 0.7595 0.9383 1.1965 1.4584 1.6029 1.6248 1.5057 1.2134 0.9112 0.6048 0.3465
6.6 0.0148 0.0764 0.1353 0.2263 0.3470 0.4339 0.4942 0.4933 0.5074 0.6154 0.7208 0.9625 1.2147 1.4685 1.6313 1.6084 1.5080 1.2204 0.9132 0.6160 0.3780
6.8 0.0030 0.0831 0.1396 0.2489 0.3637 0.4094 0.4512 0.5079 0.5097 0.6050 0.7832 0.9451 1.2221 1.4602 1.6218 1.6223 1.5343 1.2362 0.9333 0.6311 0.3878
7 0.0206 0.0745 0.1375 0.2547 0.3131 0.4208 0.4570 0.4998 0.5133 0.5928 0.7649 0.9681 1.2340 1.4820 1.6728 1.6797 1.5326 1.2673 0.9572 0.6108 0.3943
7.2 0.0366 0.0566 0.1318 0.2140 0.3182 0.4030 0.4587 0.4663 0.5094 0.5977 0.7909 0.9526 1.2210 1.4431 1.6279 1.6743 1.5891 1.2517 0.9271 0.6154 0.3536
7.4 0.0542 0.0532 0.1120 0.2536 0.3429 0.3936 0.4434 0.4769 0.4976 0.5978 0.7796 0.9683 1.2438 1.4713 1.6544 1.6823 1.5259 1.3322 0.9613 0.6050 0.3938
7.6 0.0587 0.0756 0.1178 0.2105 0.3376 0.4398 0.4413 0.4478 0.4942 0.5658 0.7536 0.9674 1.2364 1.5226 1.6729 1.7253 1.5603 1.3150 0.9845 0.6412 0.3721
7.8 0.0234 0.0477 0.1183 0.2045 0.3169 0.3671 0.4191 0.4595 0.4932 0.5919 0.7358 0.9613 1.2456 1.4967 1.6468 1.6984 1.5775 1.2737 0.9519 0.6654 0.3840
8 0.0192 0.0801 0.1101 0.1881 0.3061 0.3701 0.4132 0.4763 0.4966 0.6031 0.7208 0.9472 1.2418 1.5223 1.7025 1.7265 1.5915 1.2996 0.9970 0.6454 0.4081
8.2 0.0394 0.0717 0.1315 0.1856 0.2803 0.4125 0.4085 0.4387 0.5075 0.5819 0.7522 0.9968 1.2565 1.5511 1.7033 1.7423 1.6268 1.3276 1.0041 0.6719 0.4020
8.4 0.0330 0.0615 0.1599 0.1784 0.2984 0.3360 0.3858 0.4249 0.4916 0.6102 0.7555 1.0247 1.3309 1.5146 1.7126 1.7600 1.6144 1.3071 0.9823 0.6771 0.3963
8.6 0.0375 0.0552 0.0874 0.1981 0.2641 0.3601 0.4195 0.4159 0.4713 0.5896 0.7701 1.0304 1.3322 1.5202 1.7345 1.7395 1.6181 1.3383 0.9774 0.6896 0.4129
8.8 0.0374 0.0607 0.1115 0.2167 0.2840 0.3241 0.3875 0.4329 0.4837 0.5697 0.7334 0.9828 1.2952 1.5353 1.7476 1.7711 1.6308 1.3745 1.0187 0.6938 0.4341
9 -0.0041 0.1170 0.0808 0.1934 0.2733 0.3561 0.3938 0.4392 0.4649 0.5725 0.7647 0.9925 1.2926 1.5586 1.7515 1.8238 1.6523 1.3595 1.0315 0.6674 0.3956
9.2 0.0322 0.0499 0.1285 0.1957 0.2836 0.3372 0.3600 0.4487 0.4336 0.5683 0.7512 0.9864 1.2589 1.5530 1.7365 1.7554 1.6348 1.3688 1.0331 0.6682 0.3847
9.4 0.0204 0.0227 0.1284 0.2010 0.2502 0.3373 0.3504 0.4064 0.4200 0.5758 0.7355 0.9977 1.2752 1.5449 1.7519 1.7994 1.6640 1.3591 1.0419 0.6884 0.3904
9.6 0.0079 0.0848 0.0706 0.1278 0.2646 0.3148 0.3628 0.4039 0.4284 0.5833 0.7632 0.9811 1.2781 1.5398 1.7666 1.7957 1.6356 1.3742 1.0120 0.6791 0.3966
9.8 0.0087 0.0602 0.1342 0.1668 0.2627 0.3188 0.3546 0.3852 0.4521 0.5625 0.7536 0.9643 1.3026 1.5672 1.7446 1.7930 1.6704 1.3666 1.0492 0.7211 0.4036
10 0.0442 0.0365 0.0773 0.1731 0.2275 0.3358 0.3758 0.4218 0.4422 0.5744 0.7442 0.9998 1.3049 1.5753 1.7557 1.8007 1.6624 1.4043 1.0331 0.7232 0.4284
