# dHCl 	 TOTAL ENERGY 	 POTENTIAL ENERGY
5.999999999999999778e-01 -4.536401585683000235e+02 1.499335539510000004e+01
7.800000000000000266e-01 -4.545855953433999730e+02 1.153335030390000071e+01
9.599999999999999645e-01 -4.549745671394999817e+02 9.370847122000000695e+00
1.139999999999999902e+00 -4.551133421481999903e+02 7.891239681600000111e+00
1.320000000000000062e+00 -4.551399227741000004e+02 6.815161543200000338e+00
1.489999999999999991e+00 -4.551195611787999837e+02 6.037592776600000377e+00
1.669999999999999929e+00 -4.550781998250000129e+02 5.386834273699999898e+00
1.850000000000000089e+00 -4.550302527924000060e+02 4.862709857899999655e+00
2.029999999999999805e+00 -4.549826464512000257e+02 4.431533614300000146e+00
2.209999999999999964e+00 -4.549388721390000114e+02 4.070594224899999780e+00
2.390000000000000124e+00 -4.549005432426000084e+02 3.764022274899999854e+00
2.569999999999999840e+00 -4.548681061541000190e+02 3.500394255699999846e+00
2.750000000000000000e+00 -4.548412974578999979e+02 3.271277540799999883e+00
2.930000000000000160e+00 -4.548195164003000173e+02 3.070311685000000068e+00
3.109999999999999876e+00 -4.548020299841999758e+02 2.892608757900000160e+00
3.279999999999999805e+00 -4.547887950616000126e+02 2.742686962500000103e+00
3.459999999999999964e+00 -4.547776064957000131e+02 2.600003825699999993e+00
3.640000000000000124e+00 -4.547687143975999788e+02 2.471432207999999964e+00
3.819999999999999840e+00 -4.547616186761999870e+02 2.354977287200000102e+00
4.000000000000000000e+00 -4.547558976325000231e+02 2.249003309299999920e+00
