# Experiment cinètica
# Concentració (M)
8.954500076054891511e-02
1.107486879185020784e-01
9.541883979372975388e-02
8.951112468014225942e-02
8.648320235890381846e-02
8.229490487892485162e-02
8.236927236472581237e-02
6.934461336958573641e-02
7.890936912005318271e-02
6.966278242885824701e-02
6.354981639025010509e-02
7.343028489019313987e-02
7.969856279483324146e-02
6.550081384197831147e-02
7.453849667057679818e-02
5.466309065007025209e-02
5.091960025771932741e-02
5.376256603360418662e-02
5.225828446024678026e-02
5.754630889573844610e-02
6.945293635719136660e-02
5.076382866344776590e-02
5.767936024861559235e-02
5.278429324911088766e-02
5.690555084613832526e-02
5.401894512981764152e-02
5.164659649741671493e-02
5.289320194994402702e-02
4.397448942674409694e-02
4.765433305289784593e-02
4.034756217920081045e-02
3.975528311216910970e-02
4.474539945719208794e-02
5.361350937432068225e-02
4.521439822275764159e-02
4.063130846464685364e-02
4.607366074834318148e-02
3.811951459562997607e-02
4.826394361985018172e-02
4.039947703693428510e-02
3.817075847351898005e-02
4.750450404731818704e-02
4.290196025316588002e-02
4.023638791128317238e-02
2.915548399380052391e-02
3.610932626647374993e-02
3.240418458745292218e-02
3.164581268625060728e-02
3.505030611639246146e-02
3.187838087898087203e-02
3.385317409226897001e-02
3.316758894345218228e-02
3.230812332892034344e-02
3.369933472406745623e-02
2.612311898494739520e-02
2.854330083485815545e-02
3.294664908013444915e-02
2.942661763385966481e-02
2.642352290030586595e-02
3.777143011648123605e-02
